4294967294,0
4294967294,895
4294967294,420
4294967294,97
4294967294,398
4294967294,185
4294967278,401
11,4
9,4
243,5
2,4
4294967294,93
4294967294,95
243,4
4294967278,278
4294967278,396
4294967278,66
4294967279,139
4294967279,382
4294967278,277
4294967278,326
4294967278,276
4294967278,262
4294967278,261
4294967278,321
4294967294,46
4294967278,320
4294967278,319
4294967278,315
4294967294,595
4294967294,27
4294967294,30
4294967294,61
16,4
4294967294,127
13,4
6,4
7,4
4294967294,12
4294967294,470
4294967294,1035
4294967279,400
4294967278,143
234,2
234,4
4294967279,142
4294967294,1
4294967294,92
4294967294,88
4294967294,988
4294967294,82
4294967294,425
3,5
4294967294,1021
4294967294,989
4294967294,22
4294967294,17
4294967294,67
4294967294,99
4294967294,76
4294967294,41
4294967294,985
4294967294,43
4294967294,1152
4294967294,51
4294967294,52
4294967294,476
4294967294,25
4294967294,1020
4294967294,26
4294967294,1038
4294967294,1023
4294967294,83
12,4
4294967294,7
4294967294,6
4294967293,131
4294967293,130
4294967293,129
4294967293,128
4294967293,127
4294967293,126
4294967293,125
4294967293,124
4294967293,123
4294967293,122
4294967293,121
4294967293,120
4294967293,119
4294967293,118
4294967293,117
4294967293,116
4294967293,115
4294967293,114
4294967293,113
4294967293,112
4294967293,111
4294967293,110
4294967293,109
4294967293,108
4294967293,107
4294967293,106
4294967293,105
4294967293,104
4294967293,103
4294967293,102
4294967293,101
4294967293,100
4294967293,99
4294967293,98
4294967293,97
4294967293,96
4294967293,95
4294967293,94
4294967293,93
4294967293,92
4294967293,91
4294967293,90
4294967293,89
4294967293,87
4294967293,86
4294967293,85
4294967293,84
4294967293,83
4294967293,82
4294967293,81
4294967293,80
4294967293,79
4294967293,78
4294967293,77
4294967293,76
4294967293,75
4294967293,74
4294967293,73
4294967293,72
4294967293,71
4294967293,70
4294967293,69
4294967293,68
4294967293,67
4294967293,66
4294967293,65
4294967293,64
4294967293,63
4294967293,62
4294967293,61
4294967293,60
4294967293,59
4294967293,58
4294967293,57
4294967293,56
4294967293,55
4294967293,54
4294967293,53
4294967293,52
4294967293,51
4294967293,50
4294967293,49
4294967293,48
4294967293,47
4294967293,46
4294967293,45
4294967293,44
4294967293,43
4294967293,42
4294967293,41
4294967293,40
4294967293,39
4294967293,38
4294967293,37
4294967293,36
4294967293,35
4294967293,34
4294967293,33
4294967293,32
4294967293,31
4294967293,30
4294967293,29
4294967293,28
4294967293,27
4294967293,26
4294967293,25
4294967293,24
4294967293,23
4294967293,22
4294967293,21
4294967293,20
4294967293,19
4294967293,18
4294967293,17
4294967293,16
4294967293,15
4294967293,14
4294967293,13
4294967293,12
4294967293,11
4294967293,10
4294967293,9
4294967293,8
4294967293,7
4294967293,6
4294967293,5
4294967293,4
4294967293,3
4294967278,132
4294967278,131
4294967278,130
4294967278,129
4294967278,128
4294967278,127
4294967278,341
4294967278,126
4294967278,340
4294967278,125
4294967278,296
4294967278,124
4294967278,123
4294967278,207
4294967278,122
4294967278,121
4294967278,191
4294967278,120
4294967278,119
4294967278,118
4294967278,117
4294967278,339
4294967278,116
4294967278,115
4294967278,295
4294967278,114
4294967278,113
4294967278,112
4294967278,111
4294967278,181
4294967278,110
4294967278,109
4294967278,108
4294967278,107
4294967278,106
4294967278,105
4294967278,289
4294967278,173
4294967278,103
4294967278,102
4294967278,101
4294967278,100
4294967278,333
4294967278,99
